
		H_RATIO_M  HSN1F_M  		PERMIT_M  STOCK_MKT_M 		 BAA10YM 	US10Y_M       	  RPCE_M  		LRUN_UEMP      GDP_M
array([[ 6.60000000e+00,  6.21000000e+02,  1.32600000e+03,  -5.88567149e+00,  2.30000000e+00,  2.83000000e+00,   2.80000000e+00,  3.62318061e+00,  2.60000000e+00],
       [ 4.50000000e+00,  3.85000000e+02,  9.30000000e+02,   3.10174247e+00,  3.12000000e+00,  1.72000000e+00,   1.43000000e+00,  7.79994189e+00,  5.00000000e-01],
       [ 6.30000000e+00,  1.07400000e+03,  1.86700000e+03,   9.36840249e-01,  1.67000000e+00,  5.11000000e+00,   2.27000000e+00,  4.69406217e+00,  7.00000000e-01],
       [ 4.30000000e+00,  9.00000000e+02,  1.65100000e+03,   2.46476236e+00,  2.11000000e+00,  6.26000000e+00,   4.70000000e+00,  4.08157421e+00,  5.50000000e+00],
       [ 4.50000000e+00,  8.12000000e+02,  1.46100000e+03,   1.61322058e+00,  1.92000000e+00,  5.77000000e+00,   4.33000000e+00,  6.91357601e+00,  4.46666667e+00],
       [ 6.80000000e+00,  6.66000000e+02,  1.51400000e+03,  -1.06550895e+01,  1.89000000e+00,  9.42000000e+00,   2.13000000e+00,  5.76349116e+00,  5.83333333e+00],
       [ 9.20000000e+00,  4.15000000e+02,  9.76000000e+02,  -2.83633570e+00,  2.33000000e+00,  1.34700000e+01,   1.27000000e+00,  7.40560669e+00,  2.30000000e+00],
       [ 8.90000000e+00,  4.77000000e+02,  7.09000000e+02,   1.34337920e+01,  2.75000000e+00,  7.73000000e+00,   5.60000000e+00,  8.90922651e+00,  3.33333333e-01],
       [ 5.20000000e+00,  5.11000000e+02,  1.38900000e+03,  -7.64093873e-01,  1.20000000e+00,  6.03000000e+00,   3.60000000e+00,  3.49405492e+00,  4.80000000e+00],
       [ 4.70000000e+00,  5.91000000e+02,  1.22300000e+03,  6.97363277e-01,  1.05000000e+00,   3.98000000e+00,   4.93000000e+00,  5.12848311e+00,  2.53333333e+00]])


array([
378900.     , 
296633.3333 , 
306266.6667 , 
202566.6667 ,
151833.3333 , 
132300.     ,  
83966.66667,  
42033.33333,
27400.     ,  
19300.     ])
 


		H_RATIO_M  HSN1F_M  		PERMIT_M  STOCK_MKT_M 		 BAA10YM 	US10Y_M       	  RPCE_M  		LRUN_UEMP      GDP_M
array([[ 8.60000000e+00,  2.21000000e+02,  1.32600000e+03,  -7.88567149e+00,  2.30000000e+00,  3.83000000e+00,   3.80000000e+00,  4.62318061e+00,  3.60000000e+00],
       [ 2.50000000e+00,  6.85000000e+02,  19.30000000e+02,   13.10174247e+00,  7.12000000e+00,  0.72000000e+00,   4.43000000e+00,  2.79994189e+00,  9.00000000e-01],
       [12.30000000e+00,  12.07400000e+03,  11.86700000e+03,  -9.36840249e-01,  0.67000000e+00,  1.11000000e+00,   1.27000000e+00,  14.69406217e+00,  2.00000000e-01],
       [ 0.30000000e+00,  9.00000000e+02,  1.65100000e+03,   12.46476236e+00,  2.11000000e+00,  1.26000000e+00,   4.70000000e+00,  4.08157421e+00,  5.50000000e+00],
       [ 4.50000000e+00,  8.12000000e+02,  1.46100000e+03,   1.61322058e+00,  1.92000000e+00,  5.77000000e+00,   4.33000000e+00,  6.91357601e+00,  4.46666667e+00],
       [ 16.80000000e+00,  6.66000000e+02,  1.51400000e+03,  -1.06550895e+01,  1.89000000e+00,  9.42000000e+00,   2.13000000e+00,  5.76349116e+00,  5.83333333e+00],
       [ 6.20000000e+00,  2.15000000e+02,  9.76000000e+02,  2.83633570e+00,  2.33000000e+00,  2.34700000e+00,   1.27000000e+00,  3.40560669e+00,  4.30000000e+00],
       [ 18.90000000e+00,  4.77000000e+02,  7.09000000e+02,   1.34337920e+01,  2.75000000e+00,  7.73000000e+00,   5.60000000e+00,  8.90922651e+00,  3.33333333e-01],
       [5.20000000e+00,  5.11000000e+02,  1.38900000e+03,  -7.64093873e-01,  1.20000000e+00,  6.03000000e+00,   3.60000000e+00,  3.49405492e+00,  4.80000000e+00],
       [ 6.70000000e+00,  1.91000000e+02,  1.22300000e+03,  -6.97363277e-01,  1.05000000e+00,   4.98000000e+00,   3.93000000e+00,  4.12848311e+00,  2.53333333e+00]])
